http://www.arc.id.au/FilterDesign.html
Filter lenght: 15
Attenuation: 30 dB
Sample freq: 44100

cut off freq : fir listing

750D:[0.012494, 0.016919, 0.021327, 0.025439, 0.028981, 0.031708, 0.033426, 0.034014, 0.033426, 0.031708, 0.028981, 0.025439, 0.021327, 0.016919, 0.012494]
750X:

1000D:[0.015430, 0.021342, 0.027375, 0.033111, 0.038125, 0.042026, 0.044503, 0.045351, 0.044503, 0.042026, 0.038125, 0.033111, 0.027375, 0.021342, 0.015430]
1000X:

1250D:[0.017412, 0.024794, 0.032557, 0.040112, 0.046834, 0.052131, 0.055522, 0.056689, 0.055522, 0.052131, 0.046834, 0.040112, 0.032557, 0.024794, 0.017412]
1250X:

1500D:[0.018318, 0.027118, 0.036709, 0.046300, 0.055008, 0.061972, 0.066472, 0.068027, 0.066472, 0.061972, 0.055008, 0.046300, 0.036709, 0.027118, 0.018318]
1500X:

1750D:[0.018090, 0.028208, 0.039700, 0.051550, 0.062556, 0.071499, 0.0.079365, 0.077337, 0.071499, 0.062556, 0.051550, 0.039700, 0.028208, 0.018090]
1750X:

2000D:[0.016743, 0.028015, 0.041435, 0.055756, 0.069389, 0.080663, 0.088103, 0.090703, 0.088103, 0.080663, 0.069389, 0.055756, 0.041435, 0.028015, 0.016743]
2000X:

2250D:[0.014361, 0.026547, 0.041860, 0.058831, 0.075431, 0.089418, 0.098758, 0.102041, 0.098758, 0.089418, 0.075431, 0.058831, 0.041860, 0.026547, 0.014361]
2250X:

2500D:[0.011091, 0.023871, 0.040960, 0.060714, 0.080613, 0.097719, 0.109288, 0.113379, 0.109288, 0.097719, 0.080613, 0.060714, 0.040960, 0.023871, 0.011091]
2500X:

2750D:[0.007135, 0.020109, 0.038764, 0.061367, 0.084875, 0.105524, 0.119679, 0.124717, 0.119679, 0.105524, 0.084875, 0.061367, 0.038764, 0.020109, 0.007135]
2750X:

3000D:[0.002738, 0.015432, 0.035342, 0.060776, 0.088169, 0.112794, 0.129919, 0.136054, 0.129919, 0.112794, 0.088169, 0.060776, 0.035342, 0.015432, 0.002738]
3000X:

3500D:[-0.006283, 0.004216, 0.025288, 0.055937, 0.091713, 0.125584, 0.149890, 0.158730, 0.149890, 0.125584, 0.091713, 0.055937, 0.025288, 0.004216, -0.006283]
3500X:

4000D:[-0.013773, -0.007758, 0.012059, 0.046586, 0.091084, 0.135829, 0.169101, 0.181406, 0.169101, 0.135829, 0.091084, 0.046586, 0.012059, -0.007758, -0.013773]
4000X:

4500D:[-0.017908, -0.018337, -0.002683, 0.033478, 0.086311, 0.143321, 0.187455, 0.204082, 0.187455, 0.143321, 0.086311, 0.033478, -0.002683, -0.018337, -0.017908]
4500X:

5000D:[-0.017682, -0.025616, -0.017089, 0.017670, 0.077611, 0.147909, 0.204857, 0.226757, 0.204857, 0.147909, 0.077611, 0.017670, -0.017089, -0.025616, -0.017682] 
5000X:

5500D:[-0.013150, -0.028286, -0.029350, 0.000437, 0.065379, 0.149499, 0.221220, 0.249433, 0.221220, 0.149499, 0.065379, 0.000437, -0.029350, -0.028286, -0.013150]
5500X:

6000D:[-0.005414, -0.025866, -0.037926, -0.016831, 0.050173, 0.148060, 0.236461, 0.272109, 0.236461, 0.148060, 0.050173, -0.016831, -0.037926, -0.025866, -0.005414]
6000X:

6500D:[0.003640, -0.018793, -0.041741, -0.032742, 0.032684, 0.143620, 0.250503, 0.294785, 0.250503, 0.143620, 0.032684, -0.032742, -0.041741, -0.018793, 0.003640]
6500X:

7000D:[0.011807, -0.008338, -0.040316, -0.046012, 0.013707, 0.136270, 0.263274, 0.317460, 0.263274, 0.136270, 0.013707, -0.046012, -0.040316, -0.008338, 0.011807]
7000X:

7500D:[0.017099, 0.003617, -0.033830, -0.055572, -0.005893, 0.126159, 0.274709, 0.340136, 0.274709, 0.126159, -0.005893, -0.055572, -0.033830, 0.003617, 0.017099]
7500X:

8000D:[0.018226, 0.014922, -0.023097, -0.060649, -0.025224, 0.113490, 0.284751, 0.362812, 0.284751, 0.113490, -0.025224, -0.060649, -0.023097, 0.014922, 0.018226]
8000X:

8500D:[0.014914, 0.023541, -0.009465, -0.060835, -0.043409, 0.098522, 0.293348, 0.385488, 0.293348, 0.098522, -0.043409, -0.060835, -0.009465, 0.023541, 0.014914]
8500X:

9000D:[0.007970, 0.027925, 0.005356, -0.056115, -0.059618, 0.081557, 0.300457, 0.408163, 0.300457, 0.081557, -0.059618, -0.056115, 0.005356, 0.027925, 0.007970]
9000X:

9500D:[-0.000916, 0.027284, 0.019504, -0.046870, -0.073114, 0.062940, 0.306042, 0.430839, 0.306042, 0.062940, -0.073114, -0.046870, 0.019504, 0.027284, -0.000916]
9500X:

10000D:[-0.009578, 0.021734, 0.031203, -0.033844, -0.083284, 0.043047, 0.310075, 0.453515, 0.310075, 0.043047, -0.083284, -0.033844, 0.031203, 0.021734, -0.009578]
10000X:

no freq: 0
